,GCA_030146865.1_ASM3014686v1,GCA_046462275.1_ASM4646227v1,GCA_030153165.1_ASM3015316v1,GCA_030151245.1_ASM3015124v1,GCA_030149655.1_ASM3014965v1,GCA_030152945.1_ASM3015294v1,GCA_030150405.1_ASM3015040v1,GCA_046462395.1_ASM4646239v1,GCA_030151425.1_ASM3015142v1
GCA_030146865.1_ASM3014686v1,0.0,0.38330483247830766,0.36981926399070914,0.3961266523209345,0.12230868021455013,0.47403444676409184,0.48398354730150817,0.30432648051549555,0.42179454170957775
GCA_046462275.1_ASM4646227v1,0.38330483247830766,0.0,0.5796257796257797,0.37203339296362553,0.4466823744014593,0.5187105641281939,0.5288633918967371,0.4491394658753709,0.21088518950795504
GCA_030153165.1_ASM3015316v1,0.36981926399070914,0.5796257796257797,0.0,0.5871728462377317,0.4641895530425417,0.5186939006290198,0.6712583511261107,0.5210550980785967,0.6206209057248647
GCA_030151245.1_ASM3015124v1,0.3961266523209345,0.37203339296362553,0.5871728462377317,0.0,0.4452980719509492,0.49831381445827455,0.48695038796143897,0.4676012098650535,0.3917887852731016
GCA_030149655.1_ASM3014965v1,0.12230868021455013,0.4466823744014593,0.4641895530425417,0.4452980719509492,0.0,0.45450357060585117,0.45983875783816064,0.3948358539284397,0.4900289356377571
GCA_030152945.1_ASM3015294v1,0.47403444676409184,0.5187105641281939,0.5186939006290198,0.49831381445827455,0.45450357060585117,0.0,0.5856360391408703,0.5334929698532572,0.5412832310838446
GCA_030150405.1_ASM3015040v1,0.48398354730150817,0.5288633918967371,0.6712583511261107,0.48695038796143897,0.45983875783816064,0.5856360391408703,0.0,0.5746400755251357,0.5468511857587027
GCA_046462395.1_ASM4646239v1,0.30432648051549555,0.4491394658753709,0.5210550980785967,0.4676012098650535,0.3948358539284397,0.5334929698532572,0.5746400755251357,0.0,0.4854561878952123
GCA_030151425.1_ASM3015142v1,0.42179454170957775,0.21088518950795504,0.6206209057248647,0.3917887852731016,0.4900289356377571,0.5412832310838446,0.5468511857587027,0.4854561878952123,0.0
